1      1.004    0.002    -0.004   -0.015
2      1.009    0.005    -0.009   -0.025
3      1.014    0.007    -0.014   -0.050
4      1.020    0.010    -0.018   -0.080
5      1.025    0.013    -0.023   -0.084
6      1.029    0.015    -0.028   -0.085
7      1.038    0.019    -0.033   -0.131
8      1.043    0.022    -0.038   -0.134
9      1.052    0.026    -0.044   -0.167
10     1.052    0.028    -0.048   -0.128
11     1.054    0.030    -0.053   -0.109
12     1.077    0.039    -0.061   -0.231
13     1.075    0.041    -0.065   -0.198
14     1.083    0.045    -0.071   -0.214
15     1.109    0.055    -0.081   -0.309
16     1.105    0.056    -0.084   -0.273
17     1.124    0.064    -0.093   -0.328
18     1.119    0.064    -0.096   -0.291
19     1.126    0.069    -0.103   -0.304
20     1.141    0.076    -0.111   -0.336
21     1.159    0.085    -0.120   -0.382
22     1.186    0.096    -0.130   -0.444
23     1.180    0.097    -0.134   -0.416
24     1.203    0.107    -0.145   -0.467
25     1.201    0.110    -0.149   -0.449
26     1.277    0.136    -0.172   -0.614
27     1.207    0.118    -0.161   -0.438
28     1.200    0.118    -0.164   -0.411
29     1.263    0.143    -0.186   -0.552
30     1.291    0.156    -0.198   -0.601
31     1.287    0.159    -0.203   -0.586
32     1.252    0.150    -0.199   -0.495
33     1.282    0.165    -0.213   -0.560
34     1.342    0.190    -0.236   -0.673
35     1.350    0.196    -0.244   -0.670
36     1.360    0.204    -0.252   -0.678
37     1.354    0.206    -0.257   -0.665
38     1.364    0.214    -0.266   -0.671
39     1.502    0.267    -0.313   -0.900
40     1.394    0.233    -0.287   -0.705
41     1.417    0.247    -0.301   -0.748
42     1.488    0.278    -0.330   -0.854
43     1.491    0.285    -0.338   -0.858
44     1.453    0.275    -0.332   -0.788
45     1.524    0.308    -0.362   -0.895
46     1.596    0.340    -0.392   -0.991
47     1.634    0.361    -0.413   -1.041
48     1.595    0.352    -0.407   -0.976
49     1.632    0.373    -0.428   -1.029
50     1.705    0.407    -0.460   -1.119
51     1.604    0.372    -0.432   -0.968
52     1.658    0.401    -0.459   -1.041
53     1.616    0.388    -0.451   -0.966
54     1.768    0.459    -0.515   -1.178
55     1.707    0.439    -0.500   -1.087
56     1.730    0.457    -0.518   -1.121
57     1.793    0.490    -0.550   -1.191
58     1.915    0.549    -0.605   -1.342
59     1.948    0.571    -0.627   -1.378
60     1.748    0.490    -0.557   -1.116
61     1.969    0.597    -0.655   -1.402
62     1.802    0.528    -0.595   -1.175
63     2.045    0.648    -0.706   -1.490
64     1.896    0.586    -0.652   -1.285
65     1.982    0.633    -0.697   -1.386
66     2.090    0.693    -0.754   -1.522
67     2.242    0.773    -0.830   -1.697
68     2.163    0.742    -0.804   -1.578
69     2.378    0.854    -0.910   -1.835
70     2.068    0.713    -0.782   -1.448
71     2.117    0.748    -0.815   -1.517
72     1.996    0.697    -0.770   -1.380
73     2.250    0.832    -0.898   -1.665
74     2.349    0.891    -0.955   -1.770
75     2.493    0.971    -1.033   -1.918
76     2.338    0.905    -0.972   -1.749
77     2.321    0.906    -0.975   -1.724
78     2.633    1.074    -1.137   -2.053
79     2.804    1.179    -1.237   -2.261
80     2.933    1.259    -1.316   -2.398
81     2.493    1.035    -1.105   -1.884
82     2.753    1.189    -1.253   -2.185
83     2.515    1.069    -1.140   -1.899
84     2.737    1.205    -1.272   -2.158
85     3.064    1.394    -1.455   -2.496
86     2.593    1.151    -1.223   -1.999
87     2.918    1.344    -1.409   -2.343
88     2.898    1.343    -1.411   -2.302
89     3.417    1.639    -1.701   -2.813
90     2.921    1.379    -1.450   -2.303
91     2.990    1.432    -1.503   -2.370
92     3.602    1.799    -1.860   -3.008
93     3.424    1.712    -1.777   -2.816
94     3.257    1.636    -1.704   -2.662
95     3.069    1.524    -1.599   -2.403
96     3.784    1.974    -2.038   -3.170
97     3.850    2.030    -2.094   -3.221
98     3.245    1.685    -1.759   -2.615
99     3.368    1.784    -1.852   -2.775
100    3.317    1.757    -1.831   -2.670
101    3.767    2.054    -2.123   -3.127
102    3.779    2.084    -2.152   -3.151
103    4.162    2.337    -2.402   -3.515
104    3.429    1.882    -1.960   -2.738
105    3.896    2.212    -2.281   -3.255
106    3.449    1.937    -2.016   -2.786
107    3.840    2.201    -2.277   -3.143
108    4.145    2.426    -2.498   -3.465
109    4.094    2.411    -2.485   -3.410
110    4.022    2.383    -2.459   -3.336
111    4.653    2.831    -2.900   -3.971
112    4.296    2.595    -2.672   -3.555
113    4.832    2.992    -3.064   -4.113
114    4.585    2.838    -2.913   -3.847
115    4.566    2.852    -2.927   -3.839
116    4.783    3.032    -3.106   -4.064
117    5.245    3.378    -3.447   -4.516
118    4.523    2.899    -2.974   -3.823
119    4.383    2.815    -2.896   -3.649
120    5.439    3.590    -3.662   -4.671
121    5.459    3.625    -3.699   -4.668
122    4.974    3.290    -3.374   -4.155
123    5.416    3.645    -3.724   -4.603
124    5.004    3.370    -3.453   -4.201
125    5.589    3.811    -3.895   -4.711
126    4.525    3.063    -3.150   -3.743
127    5.317    3.692    -3.770   -4.537
128    5.790    4.082    -4.159   -4.995
129    5.001    3.504    -3.592   -4.206
130    5.859    4.174    -4.257   -4.992
131    5.194    3.693    -3.782   -4.358
132    5.013    3.571    -3.663   -4.168
133    6.366    4.666    -4.747   -5.479
134    6.303    4.641    -4.726   -5.394
135    6.866    5.107    -5.193   -5.885
136    7.421    5.610    -5.691   -6.470
137    6.954    5.247    -5.334   -5.957
138    7.104    5.411    -5.496   -6.121
139    6.571    5.010    -5.105   -5.584
140    6.480    4.970    -5.063   -5.500
141    6.877    5.322    -5.416   -5.851
142    6.398    4.947    -5.046   -5.364
143    6.650    5.213    -5.309   -5.650
144    7.169    5.679    -5.776   -6.116
145    6.521    5.175    -5.273   -5.529
146    7.491    6.016    -6.115   -6.376
147    8.095    6.562    -6.666   -6.911
148    6.602    5.348    -5.450   -5.593
149    7.390    6.063    -6.163   -6.309
150    8.854    7.381    -7.479   -7.667
151    6.665    5.434    -5.551   -5.469
152    8.536    7.191    -7.293   -7.351
153    9.053    7.682    -7.788   -7.792
154    7.103    5.998    -6.102   -6.032
155    8.950    7.696    -7.801   -7.708
156    8.551    7.360    -7.472   -7.280
157    7.590    6.540    -6.652   -6.417
158    8.920    7.838    -7.944   -7.725
159    7.920    6.946    -7.051   -6.771
160    8.991    7.980    -8.092   -7.741
161    9.190    8.211    -8.317   -7.920
162   10.308    9.284    -9.402   -8.873
163    7.298    6.462    -6.586   -6.042
164   11.228   10.309   -10.421   -9.781
165   10.564    9.674    -9.800   -9.033
166    8.883    8.089    -8.225   -7.432
167   13.629   12.780   -12.907  -11.883
168    9.475    8.789    -8.913   -8.036
169    8.097    7.446    -7.588   -6.680
170   10.486    9.891   -10.018   -8.941
171   10.732   10.246   -10.365   -9.273
172   12.129   11.546   -11.702  -10.226
173   10.671   10.207   -10.346   -9.009
174   11.247   10.891   -11.030   -9.617
175   10.976   10.729   -10.859   -9.461
176   12.537   12.286   -12.434  -10.681
177   12.556   12.431   -12.581  -10.775
178   12.629   12.601   -12.744  -10.898
179   11.249   11.267   -11.401   -9.690
180   11.528   11.576   -11.721   -9.844
181   15.134   15.351   -15.520  -12.953
182   11.983   12.138   -12.293  -10.145
183   12.030   12.342   -12.486  -10.352
184    9.722    9.794    -9.955   -8.000
185   13.374   13.909   -14.054  -11.547
186   12.256   12.804   -12.954  -10.555
187   13.641   14.295   -14.460  -11.637
188   14.058   14.842   -15.005  -12.031
189   13.914   14.754   -14.920  -11.877
190   14.825   15.840   -16.006  -12.697
191   15.698   16.879   -17.056  -13.429
192   13.406   14.448   -14.612  -11.436
193   15.490   16.985   -17.141  -13.495
194   14.700   16.088   -16.268  -12.600
195   15.662   17.340   -17.500  -13.613
196   15.008   16.473   -16.674  -12.633
197   16.125   17.896   -18.088  -13.725
198   19.475   21.950   -22.145  -16.842
199   15.536   17.306   -17.526  -12.987
200   15.967   18.095   -18.288  -13.687
201   19.692   22.355   -22.597  -16.674
202   18.854   21.799   -21.986  -16.448
203   18.144   20.964   -21.166  -15.586
204   17.156   19.768   -19.998  -14.508
205   18.601   21.727   -21.937  -15.970
206   17.329   20.133   -20.369  -14.564
207   22.994   27.269   -27.512  -19.827
208   18.493   21.933   -22.144  -15.858
209   20.993   25.131   -25.355  -18.054
210   19.698   23.597   -23.829  -16.829
211   22.109   26.825   -27.052  -19.109
212   18.596   22.567   -22.782  -15.948
213   19.068   23.283   -23.502  -16.373
214   25.029   30.740   -31.007  -21.383
215   19.164   23.585   -23.813  -16.330
216   20.050   24.864   -25.098  -17.174
217   25.116   31.454   -31.718  -21.612
218   23.515   29.559   -29.826  -20.144
219   21.248   26.906   -27.145  -18.353
220   18.534   23.207   -23.484  -15.489
221   20.778   26.478   -26.727  -17.777
222   21.858   28.117   -28.369  -18.839
223   23.179   29.711   -30.013  -19.577
224   21.644   28.118   -28.365  -18.637
225   19.827   25.447   -25.741  -16.442
226   24.565   32.392   -32.652  -21.251
227   20.539   26.918   -27.192  -17.363
228   23.674   31.051   -31.375  -19.819
229   21.386   28.074   -28.394  -17.740
230   28.840   38.890   -39.192  -24.927
231   26.928   36.196   -36.535  -22.843
232   26.836   36.427   -36.749  -22.983
233   22.642   30.493   -30.824  -18.909
234   30.116   41.334   -41.680  -25.723
235   37.406   51.678   -52.108  -31.956
236   26.058   35.913   -36.261  -22.013
237   38.359   53.760   -54.181  -32.975
238   26.959   37.458   -37.807  -22.608
239   28.680   40.544   -40.875  -24.674
240   28.614   40.141   -40.549  -23.879
241   27.508   39.048   -39.386  -23.370
242   30.435   43.329   -43.730  -25.668
243   30.301   43.272   -43.686  -25.414
244   32.019   46.347   -46.732  -27.308
245   29.473   42.496   -42.921  -24.633
246   30.723   44.772   -45.151  -26.034
247   24.913   35.961   -36.367  -20.431
248   23.535   34.566   -34.897  -19.870
249   27.079   39.990   -40.365  -22.805
250   27.416   40.761   -41.136  -23.103
251   34.541   51.525   -52.029  -28.845
252   34.852   52.751   -53.185  -29.698
253   31.747   48.314   -48.709  -27.103
254   34.456   52.358   -52.831  -28.906
255   48.818   75.534   -76.053  -41.912
256   29.609   45.346   -45.748  -24.781
257   45.924   71.385   -71.927  -38.952
258   36.774   56.805   -57.373  -30.432
259   37.324   58.104   -58.640  -31.126
260   24.642   38.309   -38.703  -20.419
261   33.965   53.569   -54.058  -28.460
262   51.063   81.831   -82.440  -43.402
263   42.396   67.561   -68.156  -35.324
264   40.760   66.104   -66.602  -34.836
265   28.183   45.386   -45.821  -23.621
266   42.891   69.384   -70.002  -35.629
267   34.010   55.598   -56.059  -28.687
268   36.437   60.071   -60.563  -30.870
269   49.317   81.760   -82.418  -41.613
270   47.798   79.334   -80.030  -39.949
271   41.847   70.108   -70.686  -35.239
272   37.732   63.809   -64.293  -32.145
273   40.160   67.904   -68.480  -33.716
274   37.230   62.809   -63.394  -30.823
275   34.424   58.649   -59.165  -28.838
276   45.037   77.708   -78.327  -37.994
277   40.210   69.448   -70.044  -33.620
278   45.757   78.988   -79.706  -37.718
279   42.160   72.933   -73.679  -34.527
280   43.537   76.975   -77.572  -36.890
281   49.123   86.941   -87.641  -41.024
282   49.575   88.846   -89.499  -42.145
283   51.920   92.010   -92.913  -42.463
284   45.992   83.058   -83.733  -38.768
285   54.096   98.748   -99.459  -45.895
286   52.163   94.158   -95.058  -42.822
287   49.025   89.690   -90.421  -40.914
288   47.016   85.901   -86.721  -38.625
289   63.724  119.506  -120.275  -54.454
290   48.515   90.185   -90.957  -40.304
291   57.525  108.424  -109.211  -48.613
292   51.405   96.117   -97.014  -42.111
293   53.683  102.024  -102.854  -44.976
294   39.493   75.214   -75.839  -33.017
295   48.914   93.461   -94.286  -40.455
296   57.822  111.831  -112.721  -48.291
297   42.523   81.271   -82.132  -34.336
298   73.374  143.901  -145.022  -61.372
299   48.218   94.384   -95.159  -39.923
300   60.230  119.607  -120.489  -50.451
301   55.106  109.255  -110.186  -45.442
302   55.044  110.118  -111.002  -45.727
303   61.163  122.655  -123.660  -50.537
304   59.146  119.191  -120.214  -48.661
305   50.440  101.998  -102.881  -41.328
306   49.936  101.319  -102.256  -40.652
307   47.824   98.473   -99.275  -39.743
308   84.076  174.689  -176.064  -69.387
309   58.353  122.322  -123.257  -48.740
310   68.095  142.251  -143.516  -55.525
311   58.713  122.451  -123.670  -47.131
312   71.337  151.682  -152.890  -58.681
313   78.845  169.684  -170.984  -65.600
314   61.745  132.297  -133.441  -50.403
315   50.294  108.389  -109.319  -41.215
316   68.360  150.125  -151.212  -57.237
317   56.531  123.537  -124.573  -46.367
318   83.390  183.694  -185.203  -68.036
319   62.990  138.656  -139.955  -50.706
320   60.323  134.819  -135.945  -49.626
321   63.915  143.100  -144.391  -51.958
322   71.811  161.336  -162.795  -57.792
323   73.775  168.647  -169.939  -60.744
324   61.460  140.465  -141.648  -50.026
325   68.295  155.319  -156.922  -54.086
326   93.565  220.359  -221.789  -78.260
327   77.550  180.782  -182.340  -62.586
328   63.097  146.966  -148.305  -50.346
329   76.536  180.640  -182.185  -61.693
330   93.019  222.284  -224.112  -75.466
331   65.656  156.903  -158.315  -52.789
332   74.852  180.354  -181.961  -60.232
333   72.973  178.559  -179.897  -59.801
334   66.036  161.251  -162.657  -53.109
335   64.998  159.084  -160.603  -51.660
336   82.111  204.678  -206.241  -66.689
337   73.490  185.263  -186.648  -60.194
338   67.944  172.298  -173.644  -55.658
339   51.094  129.035  -130.119  -41.163
340  103.080  265.786  -267.775  -83.803
341   94.468  245.265  -247.055  -76.780
342   80.498  207.773  -209.620  -63.842
343   61.895  161.037  -162.426  -49.592
344   84.372  220.165  -222.218  -66.260
345   89.401  238.309  -240.162  -72.224
346   86.970  232.311  -234.230  -69.353
347   85.378  229.489  -231.335  -67.947
348   80.280  218.304  -220.098  -64.367
349   87.526  240.467  -242.394  -70.305
350   68.301  188.444  -189.921  -54.920
351   87.292  244.916  -246.676  -70.924
352   87.776  249.268  -250.930  -72.122
353   89.444  252.723  -254.782  -71.257
354   99.416  282.630  -285.003  -78.596
355   89.378  253.580  -255.910  -69.145
356   76.656  223.310  -224.934  -62.053
357   95.187  280.968  -282.923  -77.447
358   85.092  251.531  -253.499  -68.141
359   69.800  206.244  -208.023  -55.216
360   95.365  286.743  -288.925  -76.147
361  122.650  375.460  -378.020  -99.227
362   89.339  272.550  -274.662  -70.957
363   92.964  286.103  -288.388  -73.680
364  108.883  336.480  -339.369  -84.949
365   89.105  281.120  -282.995  -72.085
366  157.889  502.087  -505.872 -124.692
367   76.829  242.619  -244.764  -59.571
368  102.583  334.728  -336.927  -83.344
369   96.729  311.043  -313.866  -74.323
370  102.585  335.624  -338.281  -80.065
371  102.038  338.205  -340.879  -80.314
372  107.527  361.678  -364.291  -85.438
373  106.095  359.472  -362.102  -83.935
374  123.839  425.592  -428.604  -98.462
375   96.975  333.418  -336.103  -76.048
376  101.290  350.866  -353.582  -78.648
377   83.073  289.397  -291.799  -63.981
378   75.051  260.770  -263.307  -56.388
379  109.046  388.361  -391.600  -83.857
380   81.483  290.809  -293.327  -61.660
381   88.683  315.095  -318.318  -64.782
382   98.572  359.035  -362.178  -73.953
383  115.000  434.155  -437.120  -91.142
384  103.761  388.189  -391.405  -78.606
385  101.304  384.875  -387.950  -77.534
386   98.297  375.867  -379.074  -74.362
387  106.131  410.474  -414.025  -80.094
388  109.743  429.761  -433.334  -82.900
389  106.203  424.508  -427.790  -81.431
390  105.410  427.236  -430.437  -81.598
391  101.164  409.993  -413.395  -75.760
392   64.727  263.666  -265.893  -48.830
393   95.886  398.099  -401.373  -72.360
394   95.863  404.140  -407.342  -71.881
395   85.267  357.706  -361.107  -61.801
396   95.663  405.237  -409.358  -68.609
397  100.599  443.689  -446.924  -76.591
398   91.289  408.714  -411.524  -70.223
399   90.338  400.100  -403.883  -65.612
400   86.271  389.815  -393.173  -63.526
401   84.123  383.106  -386.547  -60.929
402  100.219  469.102  -472.718  -74.233
403  107.844  511.914  -515.966  -79.727
404   91.884  441.882  -445.376  -67.684
405   75.604  362.197  -365.394  -53.466
406  122.498  603.770  -609.035  -87.830
407  104.484  521.816  -526.072  -74.916
408  113.188  582.485  -586.684  -83.863
409  109.651  568.643  -573.054  -79.818
410  109.553  576.828  -581.371  -78.938
411   91.603  488.055  -491.854  -65.895
412  105.431  569.959  -574.722  -74.094
413  100.387  559.395  -563.260  -72.686
414  119.555  676.321  -681.197  -86.225
415  104.883  608.409  -612.312  -77.162
416  120.014  693.356  -699.288  -83.067
417   90.211  530.349  -534.504  -62.578
418  132.098  811.513  -816.909  -95.371
419   93.985  570.177  -574.987  -64.009
420  128.477  799.815  -806.323  -86.832
421   81.309  495.240  -500.585  -50.732
422   73.233  469.914  -473.700  -49.806
423   78.136  516.824  -520.547  -53.998
424   81.188  547.126  -551.291  -55.400
425   81.764  566.876  -570.987  -56.128
426   73.108  504.460  -508.930  -46.837
427   80.496  589.152  -593.118  -55.952
428   99.488  722.665  -728.876  -62.668
429  101.368  779.791  -784.950  -68.556
430   92.410  712.244  -717.942  -58.644
431   68.709  533.012  -537.413  -42.441
432   70.656  564.745  -569.525  -44.185
433   89.890  749.931  -755.491  -56.248
434   60.983  508.526  -513.000  -35.980
435   70.264  614.822  -619.567  -43.096
436  113.850 1071.655 -1078.161  -74.848
437   63.475  591.864  -596.163  -39.243
438   69.320  671.728  -676.462  -42.572
439   60.198  568.026  -573.499  -31.271
440   66.512  661.839  -667.641  -35.521
441   64.999  687.454  -692.633  -37.093
442   46.953  492.941  -497.254  -25.158
443   63.294  727.868  -732.812  -36.115
444   87.683 1059.145 -1066.429  -47.759
445   58.905  708.177  -714.070  -28.988
446   51.912  655.092  -660.191  -26.169
447   69.830  965.029  -971.029  -37.509
448   78.459 1109.455 -1117.656  -36.041
449   71.761 1050.059 -1058.218  -30.657
450   51.755  781.191  -787.328  -21.696
451   67.107 1132.484 -1139.719  -29.948
452   42.639  707.874  -713.657  -15.326
453   41.332  741.355  -747.004  -14.735
454   46.483  914.963  -920.906  -16.755
455   42.680  926.980  -932.795  -13.654
456   38.169  859.395  -865.343   -9.438
457   35.419  846.746  -852.744   -6.779
458   33.144  812.928  -820.109   -1.449
459   25.101  665.920  -671.701   -0.056
460   25.386  803.073  -808.634   -0.026
461   23.467  762.362  -769.067    3.752
462   18.281  633.388  -639.275    5.910
463   15.724  751.246  -756.175    6.783
464   15.059  803.918  -810.146   10.861
465   10.212  551.623  -556.363    9.076
466    8.325  732.002  -737.166   13.734
467    7.176 1135.231 -1143.271   25.483
468    3.321  811.456  -817.377   20.285
469    1.086 1001.231 -1009.050   30.514
470   -2.478  807.774  -813.576   24.910
471   -5.089  809.749  -815.232   27.306
472  -18.147 1399.012 -1407.808   52.800
473  -12.375  953.171  -960.535   40.353
474  -13.767  785.162  -790.492   33.566
475  -25.223 1144.382 -1152.086   54.342
476  -19.339  863.755  -871.129   44.686
477  -32.712 1182.844 -1192.750   67.509
478  -36.338 1091.393 -1098.344   60.640
479  -45.781 1202.804 -1209.318   68.795
480  -35.510  911.571  -918.296   57.509
481  -49.513 1132.384 -1140.454   76.212
482  -53.486 1121.330 -1128.705   77.851
483  -48.064  938.161  -944.331   67.459
484  -51.716  957.842  -964.651   72.574
485  -56.610  973.182  -979.787   76.473
486  -96.321 1508.681 -1518.361  124.417
487  -57.770  906.145  -913.559   78.216
488  -70.447 1009.916 -1017.206   90.292
489  -82.727 1107.872 -1114.804  101.220
490  -99.454 1260.135 -1268.339  120.680
491  -72.180  893.773  -900.066   88.152
492  -81.518  953.598  -959.789   96.505
493 -100.561 1107.390 -1113.891  115.388
494 -105.154 1133.964 -1142.586  125.030
495  -77.747  816.630  -822.805   91.388
496 -118.720 1169.022 -1176.670  134.341
497  -85.467  822.282  -828.046   97.270
498 -125.856 1141.627 -1148.175  138.086
499 -140.466 1234.982 -1243.498  156.172
500  -94.788  819.665  -825.643  106.139

