0.002221435987894312
0.00456460340424253
0.0071377590661710925
0.010015060663167971
0.012716980262686318
0.015365738905164014
0.019292858552010777
0.022289440106390446
0.02642375325813225
0.027855042519072316
0.029845880780607757
0.03898750304697385
0.0405414604776229
0.04476096197732395
0.054597243722079226
0.05571104786919485
0.06366932490796216
0.0644871657070734
0.06935185803863457
0.07630573059963902
0.08481313379242916
0.0956003323805421
0.09711079137937254
0.1073450523415213
0.10982298073471192
0.13575880052407335
0.11777299441716739
0.11826072443627327
0.14332937895646605
0.1559684939279997
0.15874981467983865
0.14961928328947185
0.16466738865562894
0.18954050469830788
0.1959955006939104
0.20352835761243432
0.20611373206677328
0.21350491050981896
0.2668889466610871
0.23300054073377718
0.24721196985893426
0.27814477229648266
0.28497026403971437
0.27522533152859274
0.30788296537809323
0.34015375841657697
0.3607452417867667
0.35158133064248026
0.372622782869133
0.40659800718559325
0.3723379716982107
0.4007836937639376
0.3880574152894322
0.4585394971870224
0.43943992329972864
0.4568570661409281
0.48961177081026674
0.5486650851827028
0.5705794523137058
0.48996896762961595
0.5966596155607075
0.5279505808934268
0.6479172847795003
0.5859788734976635
0.6332763354130627
0.6928607130697423
0.7726267569603958
0.7417327508428693
0.8535113019951739
0.7127049747790678
0.7477722451885688
0.697428192380571
0.8320671536259019
0.8905580252599424
0.9707769946211524
0.9054056746930279
0.9064202144800244
1.0741897841101429
1.1789029906921804
1.2585494457723632
1.0352854323425387
1.1892432132352393
1.0686458558213785
1.2054971584263612
1.393750559911168
1.1508921524527496
1.3438040417609949
1.3428942761381857
1.6393656619141834
1.3790565660741638
1.431970590063894
1.79912530712415
1.7123620813379825
1.6363174488098364
1.5242297967747849
1.9743270840098381
2.029631979916546
1.6854644789610371
1.7836057829285334
1.7570279377407814
2.0539928805200436
2.0836882977034312
2.3368598546257795
1.881643562598253
2.2119527055639576
1.936918166517502
2.2008517429479255
2.426049702007339
2.4110612639680955
2.3832084678880783
2.8307208327203073
2.5948553591674908
2.9920229258851796
2.8384334175961956
2.8521343151921608
3.0324420608664444
3.3776986944499026
2.8987314134780915
2.8145840997838754
3.5896125548368683
3.6251808383144164
3.290117255824746
3.6451870370230104
3.3695489415029427
3.811240442224586
3.0625278475211277
3.69222122508027
4.082373550296472
3.5035695097575394
4.174120449230862
3.6931003548490775
3.571292718348095
4.666271094094963
4.641286278425563
5.106552746114588
5.610330142771528
5.247183324074734
5.411196825886309
5.010399721770914
4.969591336095494
5.321559108493769
4.947120508298844
5.212756445422019
5.678749731377515
5.175353860546145
6.015843771055346
6.562047897822989
5.34831489348531
6.063052485144664
7.380760600518163
5.433545177531524
7.190904900603055
7.682435714012757
5.997823437532271
7.69592755035736
7.35986054822946
6.5396949397203095
7.837874227966417
6.945895270246771
7.980445247973806
8.21116516613006
9.284297199255107
6.462266851556697
10.308877449435247
9.674469102609464
8.088894228105334
12.779506636342933
8.789315676067279
7.446185251552462
9.891388812070348
10.246013556971292
11.54635554198735
10.207050932212844
10.890966544189714
10.72914690765364
12.285552366198207
12.431193458653363
12.60081547770168
11.266712145847901
11.575662616465616
15.350599864422579
12.137993830633375
12.341821944794969
9.794062635397049
13.908502662350964
12.804436610674928
14.295374811753813
14.841658459307038
14.753820489664314
15.839947125298067
16.878753888134703
14.447595382943518
16.984526042733343
16.087637296736958
17.339604827084045
16.472956763159782
17.895982680827622
21.94977589424733
17.30568368797153
18.094940240048007
22.354672027431274
21.798597319346065
20.964328282963876
19.768439497094008
21.72690932429083
20.133177778889323
27.269486743201362
21.933049186231447
25.130694522424868
23.59747422590527
26.82515628922356
22.5667972363242
23.282738377091228
30.739892410077108
23.584655946619076
24.863854835224096
31.454137047771418
29.55888383790002
26.905860860168346
23.206679966529812
26.478105472181646
28.116755520495904
29.710677397022987
28.118484523611915
25.446859181287746
32.39157292550304
26.91849903884976
31.05079793875516
28.074122269354653
38.88969576675103
36.19559300254202
36.42668596191044
30.49345962324119
41.33427249787577
51.67821940613905
35.912746401701455
53.75974514635773
37.45828470507745
40.544478024741096
40.14147205787898
39.04791275786111
43.329125526611094
43.271880456401774
46.34747875968667
42.496213406740885
44.771767175755876
35.961456781035494
34.56643557765315
39.99002679344381
40.761008809591075
51.52463513970751
52.75070774731075
48.313660542779424
52.35823604595896
75.53436663907996
45.34634104120966
71.38481773764602
56.80533042906242
58.10352298384507
38.309271755274594
53.568713014885056
81.8310294701025
67.56136380908178
66.10363365418716
45.38552497471932
69.3844351372549
55.59801025001267
60.07139572090231
81.75959895232721
79.33380717714164
70.10763066090101
63.80861605154248
67.90386588649345
62.8089221444629
58.649477427457796
77.7077529928108
69.44774524552265
78.98800056811781
72.93331116292117
76.97495056872717
86.94144139795542
88.84559480090576
92.01036027489651
83.05822592609366
98.74841991700521
94.15756213429258
89.69018296370159
85.90054998152063
119.50558555735147
90.18546182513002
108.42365066441367
96.11664186988168
102.02376467528627
75.21406047322651
93.46098741008302
111.83124625897132
81.27065276194449
143.9007900366327
94.38353119287558
119.60685773042924
109.25516379468694
110.11831877923989
122.65542474743052
119.19060280482267
101.99799820488913
101.31852757988709
98.47343148091784
174.6890269800387
122.32245181382952
142.25105264745767
122.45056208239725
151.68218015089232
169.68440562805682
132.29726918853424
108.38891841040422
150.1253023976263
123.53739673908908
183.69440865494244
138.655563286467
134.81891644526243
143.10039966500884
161.33564864973357
168.64651031861908
140.46517195859462
155.3187716213569
220.35864190620094
180.78177603936805
146.96613684248663
180.64033840196953
222.28437456770433
156.9027709348938
180.3538352366574
178.558951067482
161.25140753340654
159.08398071951243
204.67795570632435
185.2630742995849
172.29780188712996
129.0346292105821
265.7863523736143
245.2650067292907
207.77286415285803
161.0370244684214
220.16529725519976
238.30878649704667
232.31122593070702
229.48880284956272
218.3036984200834
240.46675306875215
188.44367457700722
244.9163787765868
249.26774060640665
252.72271130678848
282.6300725390509
253.58043954414072
223.31039724949596
280.9684700204677
251.5314450575172
206.24361240371525
286.74339341901765
375.4601876280836
272.55049754721136
286.1034420842759
336.4799461324086
281.11987502928463
502.0867564244105
242.6185005710563
334.72833184092576
311.0427953179624
335.62441323203467
338.20470116137824
361.6784463465111
359.47230195756305
425.5919044280925
333.41844287020194
350.8661550049312
289.3967188811585
260.76994994862275
388.361042383944
290.80945340163106
315.0952809326897
359.0348337568716
434.15549540650665
388.1885273570083
384.8747610620608
375.86736516964623
410.47371377838874
429.76130885503665
424.5075866095792
427.2363107531495
409.99304382361976
263.6661975552634
398.0987290057907
404.13983404139594
357.7057702492455
405.2373994945781
443.68897570458347
408.7136709300928
400.10015172777025
389.8153568465293
383.1059850234447
469.1020896745537
511.9141298341709
441.88178405726734
362.19709466162203
603.7698495626888
521.8159620242429
582.4845200100314
568.643169903458
576.8277390093292
488.05508070594703
569.9590730945479
559.3949532038728
676.3206940826293
608.4088501870004
693.3558188114093
530.3491731212514
811.5127240705746
570.1769311521848
799.8152429754396
495.23954601789535
469.91414877397324
516.8240702663372
547.1256335132305
566.8764162071795
504.4596707096558
589.1515001538103
722.6648308555517
779.7906272531018
712.2440219432983
533.0116692114381
564.7446923586893
749.9312410109616
508.52587810139875
614.8216753412597
1071.6553192464821
591.8638046605773
671.7280255512457
568.0255059649485
661.8393112051123
687.4542425556549
492.94111465090043
727.8684621274837
1059.144866424609
708.177080473888
655.0922259631966
965.0289054119005
1109.454590420795
1050.059087783866
781.191195168214
1132.4836655411054
707.8737388032
741.3550668604927
914.9629569826209
926.9797468429892
859.3946165182147
846.7461958216351
812.928118322983
665.9202710195084
803.0726613235817
762.3616403700989
3.7521919933719787 
633.3881842920399
5.909804156586693 
751.2458859206098
6.783083466043918 
803.9182657299818
10.86113258016 
551.6230200332511
9.076417794137686 
732.0016614000426
13.734404718541308 
1135.2311012456582
25.482846997496768 
811.4563623738841
20.284672763942464 
1001.231081089472
30.514484396214442 
807.7737976201518
24.910081537165304 
809.7493836076414
27.306329351868243 
1399.0118625083799
52.79979460651612 
953.1705254737769
40.35333551223195 
785.1621135085327
33.56583654425813 
1144.382148577501
54.34176883396965 
863.7549481426548
44.68579644619134 
1182.8440451705126
67.50930929718133 
1091.393239595636
60.6403336594096 
1202.8038650259932
68.79467694139136 
911.5706143481267
57.508534315032506 
1132.3839819842447
76.21204185884851 
1121.3303408982479
77.85113006727379 
938.1605512641972
67.45890670455465 
957.8422674646993
72.57409503217504 
973.1821636390047
76.4733778238282 
1508.6808144097786
124.41650525894102 
906.1450501580782
78.21625985944897 
1009.9160173958162
90.29160393199258 
1107.8716985435087
101.21955543928901 
1260.1353408769346
120.67960116661722 
893.7732495699282
88.15225305318562 
953.5982356059307
96.50488951840552 
1107.3901516893864
115.38780506896558 
1133.9638947746812
125.03038503940796 
816.6297722352134
91.38784267194578 
1169.0216109705505
134.34087810668834 
822.2817328119711
97.27036459784861 
1141.6272003863658
138.08570850363625 
1234.982484066813
156.17204017301455 
819.6652084620933
106.13871003627521  
