  1.0044428829381584

0.002221435987894312
-0.004442882938158366

-0.014676764854186125 
 1.009003127695299

0.00456460340424253
-0.008961444034199208

-0.02526758418422784 
 1.0139515532596814

0.0071377590661710925
-0.013611849896621007

-0.04999772267726124 
 1.0201039809320247

0.010015060663167971
-0.01844042009755402

-0.07987552536871431 
 1.0249896049801417

0.012716980262686318
-0.023194723303113098

-0.08432503618569653 
 1.0294336653405243

0.015365738905164014
-0.027934272996669198

-0.08456575822817568 
 1.037961534620128

0.019292858552010777
-0.03339501562706662

-0.13066403898995743 
 1.0431958038828169

0.022289440106390446
-0.03836637110085626

-0.13385807655643972 
 1.0518352435127085

0.02642375325813225
-0.04400520216739044

-0.16701939821031034 
 1.0516012955164487

0.027855042519072316
-0.04810129583723573

-0.12798982203070228 
 1.053962004033494

0.029845880780607757
-0.05253763311144078

-0.10871675716837861 
 1.0768007241435453

0.03898750304697385
-0.06122227675077604

-0.23114904627711474 
 1.0754216563743373

0.0405414604776229
-0.0653728217079511
-0.1982682799259576 

 1.0825965248830287

0.04476096197732395
-0.07116800930718371

-0.21373595498682804 
 1.1094596734667006

0.054597243722079226
-0.08063669446235719

-0.3094187416964539 
 1.1045394770998844

0.05571104786919485
-0.08445776160626337
-0.2730172717813799 

 1.1239883427919255

0.06366932490796216
-0.09284447158962586
-0.3283766055656673 

 1.1185510407870234

0.0644871657070734
-0.0964723773866646
-0.29060431766667144 

 1.1260040025983054

0.06935185803863457
-0.10279148843025618
-0.3043923457086789 

 1.140653662453568

0.07630573059963902
-0.11059557576320163
-0.3362541074917461 

 1.1592525387658112

0.08481313379242916
-0.1195157616960933
-0.38230894694027256 

 1.1856294308684074

0.0956003323805421
-0.13016740730977777
-0.4444428848525294 

 1.180348689631854

0.09711079137937254
-0.13418374218995616

-0.41556143831695813 
 1.2033953808508213

0.1073450523415213
-0.14454647994899703
-0.46708330052644315 

 1.2012081621539152

0.10982298073471192
-0.14927535837529476

-0.44883079465918835 
 1.277309554152617

0.13575880052407335
-0.1717441077183823
-0.6136376176024491 

 1.206950940162798

0.11777299441716739
-0.16095022696081182
-0.4381080563134809 

 1.1999040586722676

0.11826072443627327
-0.16425751939644934
-0.4108274845647303 

 1.2633414193669223

0.14332937895646605
-0.18583242231204494
-0.5522101978541711 

 1.2907634278533509

0.1559684939279997
-0.19840091388054074
-0.6013014752013257 

 1.2867229530616107

0.15874981467983865
-0.20327193808025829
-0.5857854785151874 

 1.2522553992960324

0.14961928328947185
-0.19918284506920364

-0.49493368170137453 
 1.282051150226302

0.16466738865562894
-0.21338180196834916
-0.5598062757931331 

 1.3418330524064477

0.18954050469830788
-0.2356633174263881
-0.6727403112662209 

 1.35039893201118

0.1959955006939104
-0.2436881335910424
-0.6703519405710334 

 1.3601126093068563

0.20352835761243432
-0.25246062733981184
-0.6777750037368279 

 1.3540281929827684

0.20611373206677328
-0.25707467871577744
-0.6652913677155267 

 1.363683287448836

0.21350491050981896
-0.26579387960238987
-0.6707994939435163 

 1.5019656443768727

0.2668889466610871
-0.31261068092323907
-0.9002503707153575 

 1.39365552427143

0.23300054073377718
-0.28693216541655187
-0.7054216911404281 

 1.4174041309809375

0.24721196985893426
-0.3010646122056965
-0.7477692184973903 

 1.4883693167990786

0.27814477229648266
-0.329537496748552
-0.8540782194116968 

 1.4910808742378023

0.28497026403971437
-0.3376676255019215
-0.8583035757590936 

 1.4528307574667823

0.27522533152859274
-0.33204560925894755
-0.7876813201790661 

 1.5240576015062832

0.30788296537809323
-0.3619986821675472
-0.8945567130577982 

 1.5959722838022121

0.34015375841657697
-0.3923521234223121
-0.990632505493532 

 1.6342041723927407

0.3607452417867667
-0.41267163664342366
-1.0414311985204263 

 1.5950232338464452

0.35158133064248026
-0.4070719122776716
-0.9755836379628209 

 1.632222853464274

0.372622782869133
-0.4275254140553716
-1.0287207320717895 

 1.7050818169617075

0.40659800718559325
-0.4599146639984122
-1.1187667553496308 

 1.6042302955663206

0.3723379716982107
-0.4321869931581849
-0.9675863199041917 

 1.6584617182678905

0.4007836937639376
-0.459313302763834
-1.040876295271254 

 1.6164521577162136

0.3880574152894322
-0.4509719994122527
-0.9662305309820328 

 1.7679167775495306

0.4585394971870224
-0.5151751802320612
-1.1776134760303847 

 1.7065565730819916

0.43943992329972864
-0.5004063454973878
-1.087318607069818 

 1.7299445536341123

0.4568570661409281
-0.5179211903951303
-1.1207053633684652 

 1.7929826422764814

0.48961177081026674
-0.5496666192605579
-1.1914368085770815 

 1.9152112121006808

0.5486650851827028
-0.6052811073213089
-1.3419312510737564 

 1.9484157235067883

0.5705794523137058
-0.6274063658657041
-1.378009245258882 

 1.7477394169732952

0.48996896762961595
-0.5568273884190913
-1.1161153610494527 

 1.968576769518818

0.5966596155607075
-0.6549504313179666
-1.4021256197537 

 1.8019055291426016

0.5279505808934268
-0.5952698179293936
-1.1752283160416126 

 2.044607080960755

0.6479172847795003
-0.7061041681501349
-1.4898947798817255 

 1.8958537364255599

0.5859788734976635
-0.651994652035797
-1.2854867228031133 

 1.9815744612227133

0.6332763354130627
-0.697111988282327
-1.3862839021563775 

 2.0896304908428536

0.6928607130697423
-0.753579487555332
-1.5224272912148824 

 2.2423531537772976

0.7726267569603958
-0.830351314068811
-1.6967313907957335 

 2.1629449724167973

0.7417327508428693
-0.8038704628068382
-1.5784446908613767 

 2.377853658480324

0.8535113019951739
-0.910063433708836
-1.834561090764206 

 2.0679494513254406

0.7127049747790678
-0.7815744691105432
-1.4480304604164993 

 2.1171425567583566

0.7477722451885688
-0.8153167292844443
-1.5165585070248653 

 1.9955181713125107

0.697428192380571
-0.7703021109872947
-1.38042860090456 

 2.2497346819412507

0.8320671536259019
-0.8976706350737336
-1.6652967757758175 

 2.349406575267076

0.8905580252599424
-0.9546127428442993
-1.7701301287930145 

 2.493431703629086

0.9707769946211524
-1.0327508596025476
-1.917650905866645 

 2.3379678554674084

0.9054056746930279
-0.9723267400883592
-1.749119606151396 

 2.321003630767797

0.9064202144800244
-0.975413052666243
-1.7242748646298627 

 2.6329672102878936

1.0741897841101429
-1.136623230481968
-2.0532985604230856 

 2.8043717249910345

1.1789029906921804
-1.2374168107517987
-2.2610640817637955 

 2.9327892229347823

1.2585494457723632
-1.3155690874248114
-2.3984779659105855 

 2.493319315178531

1.0352854323425387
-1.104921942514697
-1.8843974190321597 

 2.7527779264832906

1.1892432132352393
-1.2526443970110477
-2.184557621500396 

 2.515441657965257

1.0686458558213785
-1.1404421093702668
-1.8994872979695325 

 2.7372310321692273

1.2054971584263612
-1.2717559956341389
-2.157880739482303 

 3.0641163083022

1.393750559911168
-1.4547564846664562
-2.4956667452459795 

 2.5928948698859333

1.1508921524527496
-1.2227263397081845
-1.9986459460760182 

 2.9175483089203373

1.3438040417609949
-1.4092785888304786
-2.342861863001238 

 2.89815175566859

1.3428942761381857
-1.410914457969498
-2.3016932095664737 

 3.416638991787624

1.6393656619141834
-1.700569898227691
-2.812535093193083 

 2.921017271118519

1.3790565660741638
-1.4496736709515148
-2.303135456922868 

 2.989511780722249

1.431970590063894
-1.50299571793
-2.3704313349256485 

 3.601836748856424

1.79912530712415
-1.8600399925153077
-3.0082487030150142 

 3.4243696084444624

1.7123620813379825
-1.7768600713711156
-2.8161081873751925 

 3.2565778739726516

1.6363174488098364
-1.7036314041902196
-2.6618865531552363 

 3.069290728749331

1.5242297967747849
-1.599245261176801
-2.4033826103103353 

 3.784052847081461

1.9743270840098381
-2.037760029857994
-3.170221006686962 

 3.8504466523700334

2.029631979916546
-2.0937278404210433
-3.221361283596543 

 3.244545998752831

1.6854644789610371
-1.7588765335384624
-2.614937192491021 

 3.3683550676840315

1.7836057829285334
-1.852377578256678
-2.775444033637106 

 3.3173167781662243

1.7570279377407814
-1.83145019513097
-2.670081905061452 

 3.7674055621941775

2.0539928805200436
-2.122627991428506
-3.1269771121334253 

 3.7792023615231596

2.0836882977034312
-2.1520027304455915
-3.150760088410797 

 4.161855429877834

2.3368598546257795
-2.4022376761570956
-3.5154290342726595 

 3.4289562408361767

1.881643562598253
-1.960316452161588
-2.7376354926203144 

 3.896154770227698

2.2119527055639576
-2.281421043121143
-3.2547196118612347 

 3.4493707770593907

1.936918166517502
-2.015573834394741
-2.7861468754296776 

 3.840003468209792

2.2008517429479255
-2.277340486030058
-3.143468170875827 

 4.144952195943565

2.426049702007339
-2.4983609430806673
-3.464990101999125 

 4.093834944680192

2.4110612639680955
-2.4845325083969256
-3.4104714550569386 

 4.022111034094298

2.3832084678880783
-2.4585738934422654
-3.336170889657749 

 4.653338435891584

2.8307208327203073
-2.899718865510315
-3.9707690455710374 

 4.29598195925471

2.5948553591674908
-2.672148135704067
-3.5545774727227197 

 4.831964325309855

2.9920229258851796
-3.0636071543074888
-4.113479569793169 

 4.585369020620792

2.8384334175961956
-2.913340270180267
-3.8473745694722155 

 4.565963857894947

2.8521343151921608
-2.926741325927963
-3.838693373903241 

 4.782948745645874

3.0324420608664444
-3.1063460113862216
-4.063830987496079 

 5.2451574516618855

3.3776986944499026
-3.4474962538850966
-4.515734905292741 

 4.5230090126705615

2.8987314134780915
-2.974208295574033
-3.822540250750961 

 4.382723287483284

2.8145840997838754
-2.8955291069499207
-3.6491815510377625 

 5.4389547456579335

3.5896125548368683
-3.661871040913682
-4.671486093158222 

 5.458687296942908

3.6251808383144164
-3.698703040939054
-4.667894948608156 

 4.973509195809548

3.290117255824746
-3.3743452076541427
-4.15532727262412 

 5.415588087509744

3.6451870370230104
-3.7240840666450827
-4.602935865028942 

 5.00420311346359

3.3695489415029427
-3.4526702501732656
-4.2006463799472105 

 5.589011652129587

3.811240442224586
-3.8950239782167735
-4.710779160251394 

 4.524704939414593

3.0625278475211277
-3.1504436631832506
-3.7433514735094526 

 5.317421585397907

3.69222122508027
-3.770480866462362
-4.5372201204414235 

 5.789857083405115

4.082373550296472
-4.159292874280326
-4.9953768966274 

 5.001101451972694

3.5035695097575394
-3.591742984477257
-4.205566257706346 

 5.858524886743969

4.174120449230862
-4.257484939846027
-4.992466776798499 

 5.19376316732518

3.6931003548490775
-3.782331039312667
-4.358134291968229 

 5.0126505456658945

3.571292718348095
-3.662711629546405
-4.168008821988176 

 6.366215751068138

4.666271094094963
-4.746933426266004
-5.478550966919252 

 6.302527582885486

4.641286278425563
-4.726298358770863
-5.394367804388342 

 6.865742453748574

5.106552746114588
-5.19338108660712
-5.884691855189685 

 7.42084333090395

5.610330142771528
-5.690861530625683
-6.470189175565096 

 6.954167592591732

5.247183324074734
-5.334388790569246
-5.956734760560759 

 7.103574232232203

5.411196825886309
-5.495693210752113
-6.121259578787187 

 6.570742371498279

5.010399721770914
-5.104852032616224
-5.5837035030578495 

 6.479976255665244

4.969591336095494
-5.0627232620601905
-5.499846617412068 

 6.87713413972996

5.321559108493769
-5.415570099463476
-5.850655437475079 

 6.397708145317044

4.947120508298844
-5.045903078282718
-5.364106718702558 

 6.6501321149894626

5.212756445422019
-5.30856520601522
-5.649934066136607 

 7.168543319213912

5.678749731377515
-5.775696885510496
-6.116042084139777 

 6.521461946586028

5.175353860546145
-5.273292456559193
-5.529029763383081 

 7.490964696972927

6.015843771055346
-6.115042358375528
-6.375637293285152 

 8.094810919724933

6.562047897822989
-6.666377756072235
-6.910670603487513 

 6.6015440685222275

5.34831489348531
-5.4498397646492425
-5.592564988974183 

 7.390368910243472

6.063052485144664
-6.162874291161449
-6.308641640031643 

 8.853922912264697

7.380760600518163
-7.4788263284468295
-7.667122371474253 

 6.664541998766208

5.433545177531524
-5.551247033120894
-5.468708442159007 

 8.535902568448295

7.190904900603055
-7.292558901852722
-7.351388955275504 

 9.053256812975802

7.682435714012757
-7.788195838572728
-7.791697045916627 

 7.103249241260033

5.997823437532271
-6.102334105815834
-6.031840537822193 

 8.949932763050443

7.69592755035736
-7.801213416875205
-7.707929970243863 

 8.55125268928382

7.35986054822946
-7.471910090391769
-7.279609655937352 

 7.590092286122093

6.5396949397203095
-6.652371574715427
-6.4174306076294725 

 8.920247504927048

7.837874227966417
-7.943756849607449
-7.7252752176995045 

 7.919653630740923

6.945895270246771
-7.050754593369951
-6.771332549907411 

 8.990853908548406

7.980445247973806
-8.092347473437432
-7.740644193135067 

 9.189681241111666

8.21116516613006
-8.316992190604815
-7.919735252694629 

 10.307731013222291

9.284297199255107
-9.401532470097255
-8.872515940798586 

 7.2981357924378365

6.462266851556697
-6.586365228257588
-6.041842376696681 

 11.228196818159605

10.308877449435247
-10.420927957070525
-9.781342993965144 

 10.563580670223969

9.674469102609464
-9.799962935232966
-9.033246099685527 

 8.883490494950802

8.088894228105334
-8.225071642027268
-7.43209879351258 

 13.629118291197095

12.779506636342933
-12.907193594948675
-11.883283435587694 

 9.475008199954082

8.789315676067279
-8.912747845441812
-8.035722661771802 

 8.096557400208551

7.446185251552462
-7.587590882500484
-6.680279945236794 

 10.486480401668086

9.891388812070348
-10.017532116811845
-8.94058636183889 

 10.732154034900322

10.246013556971292
-10.364982553568538
-9.273352531497757 

 12.129273305187994

11.54635554198735
-11.702083599622554
-10.226179098208737 

 10.671070291856426

10.207050932212844
-10.346416661783698
-9.00933669215373 

 11.246567141585002

10.890966544189714
-11.029612936158296
-9.617179927394972 

 10.97574729726409

10.72914690765364
-10.85905489271421
-9.461424316996876 

 12.53691371006188

12.285552366198207
-12.434052126396654
-10.681104936081292 

 12.555884102270204

12.431193458653363
-12.580537006759041
-10.774889987227585 

 12.629378317581617

12.60081547770168
-12.74350612736443
-10.897587347557364 

 11.248774953336568

11.266712145847901
-11.401299744348027
-9.690376891405862 

 11.528485380651464

11.575662616465616
-11.72107329283578
-9.843929035829964 

 15.134077383761849

15.350599864422579
-15.520021734856945
-12.952583439097761 

 11.983443219833633

12.137993830633375
-12.293332141507397
-10.144567034308082 

 12.03003621515881

12.341821944794969
-12.485946609696763
-10.351509901931458 

 9.72225089788198

9.794062635397049
-9.95543025994565
-8.000408217391815 

 13.373714952563605

13.908502662350964
-14.05409114196934
-11.54701763783967 

 12.255958859655792

12.804436610674928
-12.953682904370728
-10.555430352198378 

 13.640943781674409

14.295374811753813
-14.459680479148386
-11.636809094988813 

 14.058263911319028

14.841658459307038
-15.00534042019142
-12.030863207909873 

 13.914185889529723

14.753820489664314
-14.919957316495996
-11.877050463215813 

 14.824687525262673

15.839947125298067
-16.006484552584865
-12.696911207322378 

 15.698015017166966

16.878753888134703
-17.055563474146112
-13.428718213251646 

 13.406416993423342

14.447595382943518
-14.61212611463452
-11.436080602263695 

 15.490213431469222

16.984526042733343
-17.140690276982866
-13.495247613554202 

 14.699515920007055

16.087637296736958
-16.2676231105711
-12.59958717307201 

 15.661526074548204

17.339604827084045
-17.500451770760485
-13.612895549898552 

 15.007907082513887

16.472956763159782
-16.67387473278233
-12.633189462097317 

 16.124718385039

17.895982680827622
-18.08837694901667
-13.724512971050324 

 19.47504571311784

21.94977589424733
-22.14501443538206
-16.842328381117657 

 15.535506912665712

17.30568368797153
-17.52602724718369
-12.986691239286046 

 15.966971648707114

18.094940240048007
-18.288191453168047
-13.687112912874174 

 19.691818625567944

22.354672027431274
-22.59701375405588
-16.674405584441207 

 18.85420181564483

21.798597319346065
-21.986263687964943
-16.448339948449718 

 18.14357955823234

20.964328282963876
-21.165792412491683
-15.585664073245677 

 17.15629086693098

19.768439497094008
-19.998396982949735
-14.508030918218838 

 18.60105368998921

21.72690932429083
-21.93714476195689
-15.969711745476753 

 17.32926630585975

20.133177778889323
-20.368808421286452
-14.563852950058193 

 22.994038591786754

27.269486743201362
-27.51197612682063
-19.827159359530466 

 18.492599317822155

21.933049186231447
-22.143929784895196
-15.857755262395012 

 20.99336117902982

25.130694522424868
-25.35540055970321
-18.053742903026812 

 19.69807136349298

23.59747422590527
-23.829042400836894
-16.829032750619206 

 22.10857866007499

26.82515628922356
-27.052489181320766
-19.10873255995053 

 18.596342639263042

22.5667972363242
-22.782163232768564
-15.9483392546059 

 19.06825695335568

23.282738377091228
-23.501798284941664
-16.373151151516755 

 25.02863907131772

30.739892410077108
-31.00667516899824
-21.38317092691179 

 19.16427547634103

23.584655946619076
-23.813238105327592
-16.330463330947047 

 20.0503388437186

24.863854835224096
-25.098423023495855
-17.17376036063037 

 25.11611501405324

31.454137047771418
-31.71773598667251
-21.612383328539757 

 23.514587772104782

29.55888383790002
-29.825731484240386
-20.143992750570415 

 21.247919452194612

26.905860860168346
-27.144571711036388
-18.352823450509874 

 18.533734154043337

23.206679966529812
-23.484135571050487
-15.48944859098834 

 20.77820516424392

26.478105472181646
-26.726861049682938
-17.777378668359695 

 21.858018319989235

28.116755520495904
-28.36887980652443
-18.839459057739198 

 23.179442245128097

29.710677397022987
-30.013066173157092
-19.576522255961876 

 21.643857908357734

28.118484523611915
-28.365046886594023
-18.63748368455152 

 19.82687848411525

25.446859181287746
-25.740793725769507
-16.442368863427927 

 24.564653509508958

32.39157292550304
-32.65213849850916
-21.25117613698716 

 20.538745871077715

26.91849903884976
-27.191835307782828
-17.36301441267649 

 23.67448438721962

31.05079793875516
-31.374941190712654
-19.81856935465126 

 21.385530535824724

28.074122269354653
-28.394188405645206
-17.74001178486357 

 28.839667543501715

38.88969576675103
-39.19171266272779
-24.927363744576354 

 26.927548955946467

36.19559300254202
-36.53480495093131
-22.842592777506 

 26.836251062307763

36.42668596191044
-36.74888585929823
-22.982978682975236 

 22.642272793121357

30.49345962324119
-30.823792392125338
-18.90870835320515 

 30.116477464889172

41.33427249787577
-41.68036576580925
-25.72282745773362 

 37.40632711156733

51.67821940613905
-52.10766800641325
-31.95555634288995 

 26.05833347357422

35.912746401701455
-36.26122546333628
-22.01347050177174 

 38.35906247244562

53.75974514635773
-54.18052698676812
-32.97490687251816 

 26.95941875649002

37.45828470507745
-37.80699201445224
-22.607959489523747 

 28.67977603687882

40.544478024741096
-40.874628788253816
-24.67376740264147 

 28.61413403771281

40.14147205787898
-40.54873878703133
-23.878588157343792 

 27.507757287046758

39.04791275786111
-39.386329641689315
-23.37002422346917 

 30.435207178385372

43.329125526611094
-43.729860214736455
-25.667937214890063 

 30.301228981390118

43.271880456401774
-43.68633786953679
-25.41402093343772 

 32.01880111386644

46.34747875968667
-46.731532538456825
-27.30752161712221 

 29.47298945707111

42.496213406740885
-42.921043939146806
-24.63286946604059 

 30.722822471861644

44.771767175755876
-45.15138170915372
-26.03380245052172 

 24.912888868444234

35.961456781035494
-36.36657539596515
-20.4311010911155 

 23.535207350487585

34.56643557765315
-34.897179821961366
-19.86996593618758 

 27.07928637515681

39.99002679344381
-40.364711364768205
-22.804790465001737 

 27.4155829525625

40.761008809591075
-41.13565978303188
-23.102569594177492 

 34.54147078695143

51.52463513970751
-52.028592971270776
-28.844729823573957 

 34.851851826530954

52.75070774731075
-53.184936062052536
-29.697702897610576 

 31.747336827401007

48.313660542779424
-48.709035342217355
-27.10333793256782 

 34.45593327065449

52.35823604595896
-52.83062886954424
-28.90591800864273 

 48.8178367690186

75.53436663907996
-76.05262415521034
-41.91171219193988 

 29.60933552699799

45.34634104120966
-45.74819645048366
-24.780675335401813 

 45.92356146733966

71.38481773764602
-71.92677918567423
-38.95206850140794 

 36.7738385180109

56.80533042906242
-57.372924672584965
-30.432477200930997 

 37.32426211886719

58.10352298384507
-58.64020491281872
-31.126407454272865 

 24.642259802851207

38.309271755274594
-38.703318710923845
-20.41905058270672 

 33.964684131679505

53.568713014885056
-54.05784636136534
-28.459907716377153 

 51.06258687467273

81.8310294701025
-82.43968529985399
-43.40165827912083 

 42.39571244569105

67.56136380908178
-68.15559416324722
-35.32355370862949 

 40.76015298326878

66.10363365418716
-66.60169146203367
-34.8359731523995 

 28.18254039259627

45.38552497471932
-45.82106283887905
-23.621460420727825 

 42.89096956879863

69.3844351372549
-70.00248315320347
-35.628660191617286 

 34.01001539088373

55.59801025001267
-56.05902758414575
-28.68698041574566 

 36.437438663238225

60.07139572090231
-60.56292197227336
-30.869901018951698 

 49.31726107641859

81.75959895232721
-82.4181638372789
-41.61271256624582 

 47.79811218634873

79.33380717714164
-80.03040646939937
-39.94911728376422 

 41.84695305480858

70.10763066090101
-70.68629866577743
-35.23904147812872 

 37.731513668361345

63.80861605154248
-64.2933625652451
-32.14460665888186 

 40.159524775130386

67.90386588649345
-68.47989226151664
-33.7161211724449 

 37.23023707166956

62.8089221444629
-63.394499307145644
-30.82262950063036 

 34.42449556473943

58.649477427457796
-59.1651767399603
-28.83768321685444 

 45.03705853706951

77.7077529928108
-78.32708008308533
-37.99426581567422 

 40.210281585893284

69.44774524552265
-70.04442481510306
-33.619801581100305 

 45.757235443935144

78.98800056811781
-79.70552724523735
-37.71811111057026 

 42.16010429172504

72.93331116292117
-73.67935846877755
-34.52707327458224 

 43.53675641445686

76.97495056872717
-77.5715948351184
-36.88979970621304 

 49.1234014027371

86.94144139795542
-87.64082508076302
-41.024130720517796 

 49.57480000773506

88.84559480090576
-89.49947413911102
-42.14492995191202 

 51.919783339100555

92.01036027489651
-92.91339345543831
-42.46324935177599 

 45.992235257109584

83.05822592609366
-83.73301640830087
-38.767537723051944 

 54.095521591735825

98.74841991700521
-99.45877427410505
-45.89542015318918 

 52.162885182755666

94.15756213429258
-95.05816677521001
-42.821799719024646 

 49.02534900707556

89.69018296370159
-90.42062018664932
-40.914012127972015 

 47.01613263995803

85.90054998152063
-86.72059469304119
-38.624891847138464 

 63.72364850635456

119.50558555735147
-120.27518894076424
-54.453999131245574 

 48.51517481877977

90.18546182513002
-90.9574016369662
-40.30444130947262 

 57.52541004539554

108.42365066441367
-109.21079634666019
-48.61303153495278 

 51.40477362980517

96.11664186988168
-97.01427363287567
-42.11114958799843 

 53.682669572476364

102.02376467528627
-102.85399588951255
-44.9761674762814 

 39.493047710676095

75.21406047322651
-75.83907866847129
-33.01681076655046 

 48.91442776928271

93.46098741008302
-94.28602640720406
-40.45489891824853 

 57.82219390564763

111.83124625897132
-112.72133384108686
-48.29094252475184 

 42.522501397178814

81.27065276194449
-82.13245036432316
-34.335773449774805 

 73.37442529581448

143.9007900366327
-145.0224658402773
-61.37162769048304 

 48.21757340180683

94.38353119287558
-95.15885820072326
-39.92315401231525 

 60.23007872965522

119.60685773042924
-120.48887053178382
-50.45134630048363 

 55.10606842541543

109.25516379468694
-110.18601859452058
-45.44163539679008 

 55.04394131247725

110.11831877923989
-111.00176987779597
-45.72678599667897 

 61.163408489582594

122.65542474743052
-123.65974526333132
-50.53696417215109 

 59.146444939248845

119.19060280482267
-120.21407182522239
-48.66138358903441 

 50.44039268901717

101.99799820488913
-102.88133304849092
-41.32761989236911 

 49.935561798445896

101.31852757988709
-102.2561015572096
-40.65196912017278 

 47.823823240504304

98.47343148091784
-99.27522104450804
-39.74273513438523 

 84.07602506800106

174.6890269800387
-176.0637535342141
-69.38688421824408 

 58.35348125241838

122.32245181382952
-123.25728358633724
-48.740096069540044 

 68.09548742231807

142.25105264745767
-143.51618222563698
-55.52539040909694 

 58.712866704967794

122.45056208239725
-123.67007211729556
-47.13126117005628 

 71.33686607038827

151.68218015089232
-152.89029091822871
-58.68054835234368 

 78.84519949321162

169.68440562805682
-170.9841748818835
-65.6000385854466 

 61.74510282935073

132.29726918853424
-133.44102999198503
-50.40314726421163 

 50.29404629788643

108.38891841040422
-109.31868403873071
-41.21493175370829 

 68.35952303813802

150.1253023976263
-151.21170211352708
-57.23667079865052 

 56.531423194432065

123.53739673908908
-124.57312568297868
-46.367180788301695 

 83.39032556884088

183.69440865494244
-185.20264140155876
-68.03566862101313 

 62.989766339280855

138.655563286467
-139.95465576349451
-50.705999328348675 

 60.32310003244146

134.81891644526243
-135.94510357363535
-49.62615493034291 

 63.91487901157581

143.10039966500884
-144.39053414566402
-51.958419956484214 

 71.81073159829837

161.33564864973357
-162.7952050485755
-57.79240601310968 

 73.77512951668595

168.64651031861908
-169.9386076108842
-60.74427113338627 

 61.46048969796609

140.46517195859462
-141.64788260608765
-50.02582299488917 

 68.29500896497363

155.3187716213569
-156.92193269629513
-54.085586172095276 

 93.56488744043486

220.35864190620094
-221.78919022840574
-78.26037231445036 

 77.55005113923569

180.78177603936805
-182.3396774502252
-62.585920778272836 

 63.0972082474943

146.96613684248663
-148.3048948263456
-50.34628496224239 

 76.53594007675589

180.64033840196953
-182.18533914732777
-61.69268681196427 

 93.01879749330497

222.28437456770433
-224.11181356655464
-75.46558666567573 

 65.656088806712

156.9027709348938
-158.31538196167958
-52.78906461349453 

 74.8518063658819

180.3538352366574
-181.96109749933302
-60.23206680102091 

 72.97323662290975

178.558951067482
-179.89669343954438
-59.80085943244496 

 66.03598880519368

161.25140753340654
-162.65746488855717
-53.10864730051104 

 64.9975383409948

159.08398071951243
-160.60347574343643
-51.66048719306422 

 82.11135714561283

204.67795570632435
-206.2406784135495
-66.6892542748056 

 73.49041275934738

185.2630742995849
-186.64832049203207
-60.193759045952746 

 67.9440083020259

172.29780188712996
-173.64441506471437
-55.65792322168676 

 51.09363190576749

129.0346292105821
-130.1188651592332
-41.16286991561985 

 103.08025628130503

265.7863523736143
-267.77538788806885
-83.80330926976197 

 94.46796677406661

245.2650067292907
-247.05470927503123
-76.78002833055288 

 80.49812578897937

207.77286415285803
-209.6198937580095
-63.8419719654053 

 61.895319589697074

161.0370244684214
-162.42619438327353
-49.59229094295739 

 84.37154819299462

220.16529725519976
-222.21838334873405
-66.25983960416305 

 89.40111543279485

238.30878649704667
-240.16213030964244
-72.22394257176967 

 86.97024308676997

232.31122593070702
-234.23020517710972
-69.35274196594678 

 85.37778866598971

229.48880284956272
-231.33533919833243
-67.94705093765123 

 80.28046885730375

218.3036984200834
-220.0980042246012
-64.36739554234754 

 87.52643600862356

240.46675306875215
-242.39449467656118
-70.30481538189201 

 68.30146371305976

188.44367457700722
-189.92148167536388
-54.92010672253631 

 87.29238902423367

244.9163787765868
-246.67612656022507
-70.92420670763845 

 87.77573972549196

249.26774060640665
-250.92991845234545
-72.1219819983606 

 89.44421184854228

252.72271130678848
-254.7824614657153
-71.25664242405797 

 99.41578936410126

282.6300725390509
-285.0030227055488
-78.59606810294062 

 89.37787915622441

253.58043954414072
-255.90997214541613
-69.14479010981657 

 76.6562707586058

223.31039724949596
-224.93392276901832
-62.05256753823411 

 95.1866633676344

280.9684700204677
-282.9230877852673
-77.44742840801537 

 85.09233182426148

251.5314450575172
-253.4986265882352
-68.14051476741916 

 69.80046728763976

206.24361240371525
-208.02281230079026
-55.21569863604914 

 95.36489637436227

286.74339341901765
-288.9246376953747
-76.14715558714457 

 122.65014694554131

375.4601876280836
-378.0199034974937
-99.22743620157307 

 89.33940421158499

272.55049754721136
-274.6615912669275
-70.956998874809 

 92.96363154969434

286.1034420842759
-288.3877591155628
-73.6796327683968 

 108.88278375479956

336.4799461324086
-339.36851278720934
-84.9485164098115 

 89.10459561890644

281.11987502928463
-282.99472959304217
-72.0848152984223 

 157.88882656692695

502.0867564244105
-505.8724791764444
-124.6924924558722 

 76.82947218521093

242.6185005710563
-244.76392852480026
-59.57138272326523 

 102.58261517693948

334.72833184092576
-336.92727785730796
-83.34413300505872 

 96.72876265116355

311.0427953179624
-313.8658055049374
-74.32282965756889 

 102.58540760587539

335.62441323203467
-338.280714794314
-80.06488453933467 

 102.03846428100785

338.20470116137824
-340.8785185004372
-80.31379837680663 

 107.52691705174269

361.6784463465111
-364.2905764351918
-85.43804729560313 

 106.09547983114221

359.47230195756305
-362.10203287772885
-83.93533922137267 

 123.83946525467081

425.5919044280925
-428.60351188742715
-98.46165489922394 

 96.97513921832137

333.41844287020194
-336.1029688664183
-76.04801369059389 

 101.28992270946549

350.8661550049312
-353.58198102711486
-78.64818956348454 

 83.0734750443544

289.3967188811585
-291.79865039848136
-63.98098975151467 

 75.05111214088252

260.76994994862275
-263.3068160307712
-56.38756225702512 

 109.04617871012348

388.361042383944
-391.59980197005484
-83.85664464423769 

 81.48325613032243

290.80945340163106
-293.32683202598247
-61.65968008177503 

 88.68296086005466

315.0952809326897
-318.31848172593993
-64.78183800430043 

 98.57223183030742

359.0348337568716
-362.1776935984571
-73.95305929974917 

 115.00030640075909

434.15549540650665
-437.1198365565452
-91.14205281885062 

 103.76122880185859

388.1885273570083
-391.40498703983513
-78.60628730198935 

 101.30380979989319

384.8747610620608
-387.9498222246351
-77.53425651221475 

 98.29748548370266

375.86736516964623
-379.07405969190165
-74.36202297369078 

 106.13083007987255

410.47371377838874
-414.0250109999494
-80.0938835362681 

 109.74315306727398

429.76130885503665
-433.33412942327055
-82.89968463307403 

 106.2034209691598

424.5075866095792
-427.7900096357172
-81.43103824668883 

 105.41035311121091

427.2363107531495
-430.4371727858139
-81.59808453132555 

 101.16367350824751

409.99304382361976
-413.3947359496092
-75.7603114131465 

 64.7273912686403

263.6661975552634
-265.89330586979327
-48.82997388148204 

 95.88627326021899

398.0987290057907
-401.37347446512814
-72.35972156086123 

 95.86288301285028

404.13983404139594
-407.3423723599889
-71.88085776417974 

 85.26741745743422

357.7057702492455
-361.1073973928392
-61.80106079828591 

 95.66334345740039

405.2373994945781
-409.35762841015065
-68.60865301206316 

 100.59890978185291

443.68897570458347
-446.9240556953369
-76.59149976579984 

 91.28907831774023

408.7136709300928
-411.5242452053942
-70.22273906038068 

 90.33840284327009

400.10015172777025
-403.8832802705381
-65.61179485812801 

 86.27063554945317

389.8153568465293
-393.172989594918
-63.52570618778726 

 84.12337402904878

383.1059850234447
-386.54741513604984
-60.92903381416333 

 100.21877628904242

469.1020896745537
-472.7183017745296
-74.23281226484652 

 107.84411325618919

511.9141298341709
-515.966250133869
-79.72667079128641 

 91.88417668069103

441.88178405726734
-445.37611378004135
-67.68407101805087 

 75.60417572390863

362.19709466162203
-365.3942468043451
-53.466327594730124 

 122.49801117837758

603.7698495626888
-609.0354728216334
-87.8297131769132 

 104.48384323367503

521.8159620242429
-526.0724438950343
-74.91624947857332 

 113.18827830980261

582.4845200100314
-586.6838762219893
-83.86278181741066 

 109.65053939534245

568.643169903458
-573.0541040614623
-79.81809581964485 

 109.55283785665745

576.8277390093292
-581.3712805950574
-78.93821276066859 

 91.60310101951806

488.05508070594703
-491.85396095143057
-65.89538018840429 

 105.43064262237385

569.9590730945479
-574.7221241082125
-74.0938966618019 

 100.38656505053686

559.3949532038728
-563.2604558209883
-72.68559142787075 

 119.55498026982876

676.3206940826293
-681.1965190313732
-86.22520761413872 

 104.88342125847554

608.4088501870004
-612.3124154542212
-77.1615347393887 

 120.01387215040194

693.3558188114093
-699.288043176387
-83.06689464279378 

 90.21128452294685

530.3491731212514
-534.5039046099434
-62.57839170914492 

 132.0976959307571

811.5127240705746
-816.908950053056
-95.37136830722447 

 93.98520502105826

570.1769311521848
-574.9870653600269
-64.0091869298548 

 128.47681392184623

799.8152429754396
-806.3225864315427
-86.83229318071159 

 81.30937602506884

495.23954601789535
-500.5852716396473
-50.73227492590959 

 73.23274681504344

469.91414877397324
-473.70042076762707
-49.80550987377903 

 78.1361918671317

516.8240702663372
-520.5474352047214
-53.99771954020521 

 81.18804072634272

547.1256335132305
-551.2908823953155
-55.39974463719998 

 81.7641215245087

566.8764162071795
-570.9874156591868
-56.12825598651826 

 73.10840215103636

504.4596707096558
-508.92954260026437
-46.83739382834732 

 80.4962710645801

589.1515001538103
-593.1182663163514
-55.951608026855595 

 99.48785083681737

722.6648308555517
-728.8760344410802
-62.66754059607706 

 101.36814296041328

779.7906272531018
-784.9495772884239
-68.55648123162901 

 92.41040039982121

712.2440219432983
-717.9424963344455
-58.64447028306027 

 68.70880126597878

533.0116692114381
-537.4134299804667
-42.441426988518096 

 70.65601747592407

564.7446923586893
-569.525150131886
-44.18533796461056 

 89.88965992048254

749.9312410109616
-755.4913867123307
-56.24764599353276 

 60.983086804015294

508.52587810139875
-513.000443171229
-35.98014477918029 

 70.26427588608175

614.8216753412597
-619.5673304439354
-43.09597940937952 

 113.85029112895822

1071.6553192464821
-1078.1607236671489
-74.84807075168462 

 63.474893758422375

591.8638046605773
-596.1626784850785
-39.24296786039418 

 69.32029630725523

671.7280255512457
-676.4617949308519
-42.57163129062265 

 60.19832720554098

568.0255059649485
-573.4992839897837
-31.271302931724332 

 66.51152162271242

661.8393112051123
-667.6406725718736
-35.520538645052625 

 64.99855815368637

687.4542425556549
-692.6326143320111
-37.093053467263374 

 46.95258507833868

492.94111465090043
-497.2544239031299
-25.15759533157151 

 63.29352464994942

727.8684621274837
-732.8120825209974
-36.11476044807256 

 87.68279973243601

1059.144866424609
-1066.429320969979
-47.759433607082784 

 58.90520391988948

708.177080473888
-714.0702178670153
-28.98798030487115 

 51.91196241830188

655.0922259631966
-660.191264103702
-26.169322743759384 

 69.83027064035402

965.0289054119005
-971.0294849416919
-37.50881230200333 

 78.45866064897565

1109.454590420795
-1117.6562028512349
-36.04139992937129 

 71.76110266969236

1050.059087783866
-1058.2176152138802
-30.65655655680788 

 51.75495045516706

781.191195168214
-787.3277603844117
-21.696304184590637 

 67.10737236321995

1132.4836655411054
-1139.7188243095977
-29.947891419475525 

 42.63860818178905

707.8737388032
-713.6573167000223
-15.325557161237816 

 41.33225000090356

741.3550668604927
-747.0037329462347
-14.734723238722301 

 46.48250758068137

914.9629569826209
-920.9055482901731
-16.754767297253583 

 42.680376945261735

926.9797468429892
-932.7948658922944
-13.653933596243723 

 38.168602716409374

859.3946165182147
-865.3428251261975
-9.438467785180809 

 35.41916005824238

846.7461958216351
-852.7435768577981
-6.779268232532472 

 33.14391221978863

812.928118322983
-820.1088260549033
-1.4491161280560565 

 25.10082572756471

665.9202710195084
-671.7012984210209
-0.05581468612741869 

 25.385501120481564

803.0726613235817
-808.6337692864184
-0.026138770483155938 

 23.46720379676613
762.3616403700989
-769.0666720578479

3.7521919933719787 
 18.28093254070975

633.3881842920399
-639.2746816062606

5.909804156586693 
 15.724260821692978

751.2458859206098
-756.175251294534

6.783083466043918 
 15.058649699201355

803.9182657299818
-810.146306544008

10.86113258016 
 10.211965112814115

551.6230200332511
-556.3633804148709

9.076417794137686 
 8.324512557308921

732.0016614000426
-737.16552059442

13.734404718541308 
 7.1763911831766185

1135.2311012456582
-1143.2706932404003

25.482846997496768 
 3.3205230250112603

811.4563623738841
-817.3769484548562

20.284672763942464 
 1.0860849621739432

1001.231081089472
-1009.0495836976891

30.514484396214442 
 -2.477982041231868

807.7737976201518
-813.5764753720584

24.910081537165304 
 -5.088901402189434

809.7493836076414
-815.2317870996359

27.306329351868243 
 -18.147033382837087

1399.0118625083799
-1407.8077033667892

52.79979460651612 
 -12.37480607477385

953.1705254737769
-960.5351321445488

40.35333551223195 
 -13.767490805278255

785.1621135085327
-790.4924117336238

33.56583654425813 
 -25.223448948086954

1144.382148577501
-1152.0863017709257

54.34176883396965 
 -19.33891336017023

863.7549481426548
-871.1294710836049

44.68579644619134 
 -32.7120285753053

1182.8440451705126
-1192.750058817325

67.50930929718133 
 -36.33795262234792

1091.393239595636
-1098.3443968339843

60.6403336594096 
 -45.78082042958864

1202.8038650259932
-1209.3176425251415

68.79467694139136 
 -35.51049751122507

911.5706143481267
-918.2958014412377

57.508534315032506 
 -49.51277107665207

1132.3839819842447
-1140.4544900631297

76.21204185884851 
 -53.486437085077156

1121.3303408982479
-1128.7047169398452

77.85113006727379 
 -48.06390750139906

938.1605512641972
-944.3312218691107

67.45890670455465 
 -51.71570573992898

957.8422674646993
-964.6514604411626

72.57409503217504 
 -56.61035442687586

973.1821636390047
-979.7869592081963

76.4733778238282 
 -96.32064776999688

1508.6808144097786
-1518.36108179263

124.41650525894102 
 -57.77035248822593

906.1450501580782
-913.5586285337217

78.21625985944897 
 -70.44724838210972

1009.9160173958162
-1017.2064795943469

90.29160393199258 
 -82.72739691460117

1107.8716985435087
-1114.8040660316883

101.21955543928901 
 -99.45361238817635

1260.1353408769346
-1268.3389557493292

120.67960116661722 
 -72.18029738879078

893.7732495699282
-900.0655276674929

88.15225305318562 
 -81.51790054926545

953.5982356059307
-959.7885831677035

96.50488951840552 
 -100.56076945289905

1107.3901516893864
-1113.8910024783693

115.38780506896558 
 -105.15395444202832

1133.9638947746812
-1142.5864563584353

125.03038503940796 
 -77.74661998132845

816.6297722352134
-822.8051142723757

91.38784267194578 
 -118.72037894945119

1169.0216109705505
-1176.670108614704

134.34087810668834 
 -85.46747505444246

822.2817328119711
-828.0460663360996

97.27036459784861 
 -125.85622273327955

1141.6272003863658
-1148.1749683888886

138.08570850363625 
 -140.4657687951303

1234.982484066813
-1243.4975753116105

156.17204017301455 
 -94.78799950101545

819.6652084620933
-825.6428779560827
106.13871003627521  
